====================================
标定板角点检测结果
检测时间: 2026-01-04 15:39:14
====================================

图像信息:
  图像尺寸: 1600x1200
  标定板模式: 8x5 (列x行)

角点统计:
  角点总数: 40

角点坐标 (像素坐标系, 原点在左上角):
  序号	X坐标		Y坐标
  ---------------------------------
   1	 990.000	 716.000
   2	 942.000	 702.000
   3	 904.000	 702.000
   4	 842.000	 700.000
   5	 802.000	 700.000
   6	 742.000	 698.000
   7	 702.000	 698.000
   8	 636.000	 698.000
   9	 992.000	 652.000
  10	 958.000	 650.000
  11	 908.000	 662.000
  12	 858.000	 650.000
  13	 796.000	 648.000
  14	 744.000	 660.000
  15	 690.000	 646.000
  16	 638.000	 656.000
  17	 996.000	 614.000
  18	 950.000	 600.000
  19	 898.000	 612.000
  20	 848.000	 596.000
  21	 810.000	 600.000
  22	 758.000	 608.000
  23	 706.000	 594.000
  24	 654.000	 604.000
  25	 998.000	 552.000
  26	 952.000	 562.000
  27	 902.000	 546.000
  28	 862.000	 546.000
  29	 800.000	 544.000
  30	 748.000	 554.000
  31	 708.000	 554.000
  32	 644.000	 552.000
  33	1002.000	 510.000
  34	 954.000	 498.000
  35	 916.000	 494.000
  36	 854.000	 494.000
  37	 802.000	 502.000
  38	 754.000	 488.000
  39	 700.000	 500.000
  40	 646.000	 486.000

角点间距统计:
  水平方向间距 (按行):
    第1行: 平均间距 = 50.87 像素
    第2行: 平均间距 = 51.58 像素
    第3行: 平均间距 = 50.22 像素
    第4行: 平均间距 = 51.23 像素
    第5行: 平均间距 = 51.91 像素

====================================
角点检测完成
====================================
