====================================
标定板角点检测结果
检测时间: 2026-01-08 08:23:59
====================================

图像信息:
  图像尺寸: 1600x1200
  标定板模式: 8x5 (列x行)

角点统计:
  角点总数: 40

角点坐标 (像素坐标系, 原点在左上角):
  序号	X坐标		Y坐标
  ---------------------------------
   1	  79.000	 134.000
   2	 198.000	  15.000
   3	 512.000	  68.000
   4	 654.000	  74.000
   5	 912.000	  56.000
   6	1090.000	  72.000
   7	1355.000	  49.000
   8	1511.000	 100.000
   9	 157.000	 287.000
  10	 380.000	 208.000
  11	 594.000	 256.000
  12	 793.000	 207.000
  13	 970.000	 240.000
  14	1220.000	 412.000
  15	1376.000	 233.000
  16	1506.000	 351.000
  17	 359.000	 561.000
  18	 592.000	 482.000
  19	 636.000	 698.000
  20	 742.000	 472.000
  21	 824.000	 596.000
  22	1056.000	 500.000
  23	1294.000	 645.000
  24	1477.000	 543.000
  25	 198.000	1104.000
  26	 450.000	 874.000
  27	 654.000	 966.000
  28	 790.000	 760.000
  29	 880.000	 909.000
  30	1056.000	 834.000
  31	1214.000	 896.000
  32	1490.000	 812.000
  33	1014.000	1124.000
  34	 958.000	 650.000
  35	1120.000	 698.000
  36	1256.000	1138.000
  37	1512.000	1118.000
  38	 940.000	 408.000
  39	1212.000	 152.000
  40	 790.000	  46.000

角点间距统计:
  水平方向间距 (按行):
    第1行: 平均间距 = 213.76 像素
    第2行: 平均间距 = 222.48 像素
    第3行: 平均间距 = 229.15 像素
    第4行: 平均间距 = 233.63 像素
    第5行: 平均间距 = 440.57 像素

====================================
角点检测完成
====================================
